10

163 67 11 46.6334224938
4
65 40
164 40
164 93
65 93

30 115 99 63.8419829461
4
12 53
56 53
56 132
12 132

44 26 75 26.8390779850
4
40 25
62 25
62 37
40 37

130 121 67 113.4991359787
4
69 91
148 91
148 147
69 147

31 104 67 72.2143012578
4
30 60
39 60
39 127
30 127

131 23 46 19.7175672772
4
56 20
143 20
143 40
56 40

104 24 80 5.2956856592
4
67 9
129 9
129 49
67 49

78 43 38 43.3537593443
4
5 38
91 38
91 63
5 63

71 31 75 31.8782120322
4
47 29
97 29
97 45
47 45

94 77 67 57.9467936843
4
93 49
101 49
101 103
93 103
