10

7.4883094187 8.3372435581 41.1162436095 119.0672368236
10
-17.1136811658 -57.0851687517
-9.3006142373 -57.2707213018
6.8706588827 -47.5536961869
26.4926423126 -15.2396857234
32.9849898181 31.8712104157
7.8384755866 56.9168937150
2.6416150371 54.7911330021
1.4285292613 54.1071900151
-26.6091890988 14.9246728224
-32.8452142111 -10.4885632779

37.0178207292 -110.9089531779 120.0478952160 74.2704435900
10
14.0984828640 126.9597433645
-32.7337872537 129.2925268785
-81.5512759042 79.1282813085
-53.0111559977 -97.4072498730
-36.9388567104 -113.1842119074
36.2450970875 -128.0039204009
47.8563553088 -121.9549866028
83.1687456791 -75.0895148973
88.5046538546 -57.7122957431
91.8728204448 -38.4167757290

12.6506101813 -31.2025972337 76.1171245328 116.4615045778
10
-24.8419984437 85.8510979798
-63.6148507228 38.8234591445
-65.7937640546 3.4912225193
-64.0286240701 -8.4122918272
-43.7607253992 -55.3219846217
-25.5571921832 -74.2108141857
1.5483641864 -86.9234572505
5.8159549320 -87.5669108047
65.9459482507 -24.2889879779
22.0095667869 76.7818974030

52.9872180222 28.2090721273 144.7075427706 95.1356692837
65
97.1492782917 -14.6828563494
98.0936621944 -5.9549881508
98.2553758501 -2.4848397313
98.2962564333 1.0345028599
96.7958220826 17.6978895121
84.5915330735 50.8781547165
82.4906983482 54.2888401791
80.9861406304 56.5547364177
69.5757703170 70.3505590281
67.9252604827 71.9726241889
58.5939420381 79.8712286927
58.2923762513 80.0948157764
55.6899411477 81.9515627349
42.7173633154 89.4894843487
40.4936616433 90.5275750860
40.1339238138 90.6891479737
33.4117133071 93.3966501120
28.3617013426 95.0608716018
27.5393187687 95.3032486837
21.6915525956 96.8037567563
18.5584814706 97.4509573599
17.5922904845 97.6289879043
-4.6595897013 99.0195530214
-12.7694639650 98.2548280788
-13.0099847010 98.2216698372
-20.0653422185 96.9748979045
-26.0225005583 95.4986615355
-33.8468454929 92.9382003182
-35.6770383522 92.2320876482
-60.5568887512 77.8333062806
-63.4526803520 75.4452805629
-75.7186336044 62.8914364390
-81.9348102978 54.4142708075
-88.1978338475 43.3862961516
-92.8418540664 32.1621023637
-96.3873566498 19.0263671224
-97.8442006968 -9.9513261536
-97.5801044134 -12.3949708771
-88.7149517060 -43.0955106609
-87.3515082641 -45.8595066094
-78.4274935135 -60.1219103909
-77.9204472491 -60.7905930686
-67.3147290088 -72.5536074222
-61.3066576272 -77.7769930934
-55.2441010305 -82.2569545915
-36.8664192478 -92.0778884448
-34.7431389633 -92.9061859307
-21.1342631650 -96.9267480751
-19.1165895371 -97.3435148290
-15.7535847810 -97.9400462092
-10.1006384287 -98.6717105836
-9.1627744901 -98.7606898748
30.7747843525 -94.0304984323
41.7507549295 -89.5783443630
45.9792801503 -87.4319457534
49.2925298607 -85.5652835651
56.9380212591 -80.5714872046
58.2193782784 -79.6316454096
74.9596147620 -63.8083946659
76.4949430924 -61.9299916239
79.9393762953 -57.3449810148
84.8982908101 -49.5990956631
87.6603035753 -44.4737135177
92.5554727822 -32.9822687120
95.2727634701 -23.9864156570

-9.4843524179 30.5335646505 61.0163846981 105.1045141254
15
-35.3459482867 31.3539798920
-43.2587680372 20.8447041815
-49.1166947452 6.3328686971
-35.1288870605 -38.6633041430
-32.8571321875 -40.4410160326
-16.6027092517 -47.8607386636
-15.9330804730 -48.0141160447
-7.6599568974 -49.1139898862
-3.0748840801 -49.1273481995
36.0444906227 -30.6066320196
50.4477104085 3.3745581449
50.4661141253 6.1752561213
17.1723159130 47.7222329282
-9.1931420087 47.1635584734
-26.8738050773 38.6920176473

2.4297976665 11.2683789217 12.6928920868 117.5715347055
31
-5.5036154210 -19.8282217871
-4.0140348565 -20.1556548928
-4.0096779023 -20.1564086612
-3.6220715032 -20.2188185146
2.4811577803 -20.0404806543
7.8091210267 -18.0551979077
12.1248427921 -14.8431828382
15.4756758854 -10.6679052065
16.7614958951 -8.2776392825
18.6196779775 -2.0226890722
18.8274681013 0.1491927963
18.5870900583 4.5585922852
16.6512183275 10.5897846853
14.6119463996 13.7831979150
14.1575257502 14.3348795552
8.4489524423 18.7387636772
6.8756414334 19.3979599398
6.3727934074 19.5705794950
5.6200910867 19.7966191004
4.8310166778 19.9934830171
0.8514444383 20.4047915813
-9.1895737149 17.2147439321
-10.7617731221 16.0552725656
-10.8880005323 15.9517199163
-11.4303196106 15.4873335720
-12.9442665886 14.0031506130
-15.1150986657 11.2314957751
-18.8498287984 -1.4347560469
-17.7751567610 -7.8936582493
-17.1507225341 -9.5258865961
-16.7007868313 -10.4912608264

18.7508896194 0.7112646866 23.4961153641 76.3211992860
56
33.7962265650 -6.6969393887
33.8766411438 -5.0608785504
33.7656498784 -3.5977346250
33.5720623052 -2.4915066831
33.3363777327 -1.5555100463
32.5882661494 0.5070427850
31.5519358513 2.5261814743
31.1749705093 3.1424851155
29.6681953739 5.2457275282
28.7873279867 6.2913796469
27.5083286241 7.6455834982
26.1472914611 8.9246995626
24.5961174439 10.2261776307
23.9679538923 10.7139251054
15.2797761781 15.8678205182
12.5533951912 17.0353653024
11.8890956387 17.2940744170
11.8096752427 17.3243590390
11.3057143826 17.5133643541
-2.5225464524 20.7856870685
-2.8600811238 20.8220975669
-10.2828006671 21.0881779422
-18.1253191208 20.1033663809
-23.6744090055 18.3201084188
-24.9405166460 17.7298427417
-29.2478325529 14.8819274521
-31.9256138447 11.8222843154
-32.6973260226 10.4528460111
-33.3371084339 8.8413837798
-33.5799199461 7.9472119252
-33.6900789536 7.4093568559
-33.7561980512 3.5279924530
-31.5065316183 -2.6029686084
-30.6383188413 -3.9484799354
-29.0478704163 -5.9930644689
-28.5741298721 -6.5293174882
-26.8327561299 -8.2986589667
-22.5110599999 -11.7708584316
-20.0064362611 -13.3821467624
-18.6865090207 -14.1424622444
-16.7149429421 -15.1797638141
-8.3391104907 -18.5191532993
-7.9623255358 -18.6342940173
-7.5456056650 -18.7584313913
1.2053171591 -20.6240514971
10.3913063978 -21.0841179456
17.9748368627 -20.1370807761
22.0414360127 -18.9672909296
22.7100291948 -18.7165405870
23.2523443273 -18.4988874918
25.9670698502 -17.1841034297
27.5169811883 -16.2208325446
27.9426742626 -15.9210855841
30.9382493140 -13.1584150829
31.6218379814 -12.2708383549
32.8955858903 -10.0212351160

-0.5036048468 0.6048627257 55.2499739737 63.1361853108
80
-8.0697047153 32.2019965646
-8.5867928816 32.0456199724
-9.8484105287 31.6145556895
-9.9240610106 31.5864263458
-10.6133030982 31.3179470007
-12.6605140257 30.3855238113
-18.9629748554 25.9989332103
-20.3514442506 24.6356706975
-23.5822776823 20.6203461686
-24.5265875592 19.1393038702
-25.0058560680 18.3134037692
-25.8718709083 16.6623743064
-26.6728471445 14.8993613074
-27.1905040669 13.5939963997
-27.5596653029 12.5548872846
-28.8559477254 7.5299330200
-29.2897249576 4.3820613482
-29.3535064988 3.6199906308
-29.4258762510 2.3233742091
-29.3718837313 -1.5832474929
-29.3342783280 -2.0995310290
-29.3274754678 -2.1836423964
-29.1502674264 -3.8749340912
-29.0863355297 -4.3515199114
-28.8260455597 -5.9515339369
-26.8619518241 -12.8184766727
-26.5949768741 -13.4774299523
-25.3141556844 -16.2227524318
-24.3242513883 -18.0034214468
-22.0793353759 -21.3266868462
-21.8798182930 -21.5850672391
-19.6665320284 -24.1431741182
-14.1751871668 -28.7004402164
-13.5060268915 -29.1225912423
-10.8425602407 -30.5690923230
-10.3778247543 -30.7856052057
-10.3333969858 -30.8057717411
-9.5872973353 -31.1308099261
-7.7783078247 -31.8154236468
-7.6192121068 -31.8688344223
-7.5430172216 -31.8940329050
-4.2971780854 -32.7446576543
-3.9812265618 -32.8047935972
-3.8900915487 -32.8214083036
-2.1750112364 -33.0735622791
2.8764316667 -33.1579342554
3.4558857766 -33.1047365220
5.7434296753 -32.7654146226
6.0331811613 -32.7074594217
11.1534206965 -31.0919175302
11.6129592957 -30.8885228486
11.7312016575 -30.8345110543
16.3997244527 -28.0973343955
17.8673115122 -26.9566342031
20.3987855041 -24.5859321353
24.6753910226 -18.8887703600
26.6730229959 -14.8989429991
27.5876131196 -12.4717552440
28.3322939256 -9.9359812752
29.0380726450 -6.4370697634
29.2738712628 -4.5466215715
29.1311134605 4.0226549364
28.7774991685 6.2090914991
28.7067768711 6.5678105917
25.5807592400 15.6984840311
21.2912198414 22.3183187779
21.2490576194 22.3692533558
19.9447533767 23.8495846048
18.3491345726 25.4395559858
16.6998479854 26.8681359835
11.9280537900 30.0228986867
11.0450872427 30.4715299659
11.0349162060 30.4764764992
9.5573604131 31.1433207762
7.0875545898 32.0395425250
5.2693918231 32.5347520701
2.3639181517 33.0513884349
1.4819816562 33.1431208623
0.1088151883 33.2264374121
-2.5397398482 33.1828461023

-0.0784013892 -1.4275140550 40.2449485650 85.8936719398
100
22.7072726327 9.8136803108
19.8419194393 16.2601094851
19.6710817660 16.5891922453
19.6082078024 16.7090661408
19.4135020684 17.0761646681
18.7819200008 18.2261868354
17.7268245206 20.0215443506
15.3925803722 23.5269881116
14.9981839642 24.0646332323
11.3583350878 28.4131545857
10.7965834607 28.9962653716
10.6352616903 29.1597628476
10.5894839492 29.2058407881
10.1761401150 29.6156148010
8.1093679410 31.5016308419
5.8213196625 33.2928659519
5.6110197402 33.4426556148
1.5343806880 35.8770166120
1.2156786797 36.0305891833
-0.7459832213 36.8605402321
-4.1318013159 37.8242975211
-6.2066402991 38.1137466319
-7.8271334314 38.1726522168
-8.2511352569 38.1628585653
-8.3993413509 38.1569050880
-8.5244670062 38.1508491847
-8.6162003771 38.1458076629
-13.0359297811 37.2532353122
-15.2915760987 36.2353399262
-15.3075776417 36.2265246722
-17.0761803251 35.0948249958
-18.0104514431 34.3574554157
-18.2863855623 34.1188273508
-18.4567115787 33.9664729652
-19.4622352217 32.9823169098
-20.1457718384 32.2215240162
-20.7079592131 31.5319220432
-21.5584073507 30.3615887072
-21.9667508202 29.7367466547
-22.8681033359 28.1807624392
-22.9303649375 28.0629029790
-23.0525595752 27.8271769403
-23.1598922297 27.6151131465
-23.5527533719 26.7954597472
-23.5833345699 26.7285705601
-23.7617901675 26.3285212854
-23.8638545198 26.0918812921
-25.0403300722 22.8157581619
-25.5043965550 21.0983133245
-26.6338326784 9.5857066595
-26.5027768692 7.0244240995
-26.4682974764 6.5887561993
-26.2735196679 4.6549720441
-26.2521041654 4.4761687281
-26.1183897176 3.4515986583
-23.4518381858 -7.7360841471
-22.9334868105 -9.2062182284
-22.5708091359 -10.1711558608
-20.9652633995 -13.9620925323
-18.9922497748 -17.8498897860
-18.1486345042 -19.3214917520
-14.9510502679 -24.1279276358
-12.1281836888 -27.5782327879
-11.5436016302 -28.2160663864
-10.6423230197 -29.1526427628
-6.5166064997 -32.7801204069
-6.2150057391 -33.0058595937
-4.6831168646 -34.0746356697
-3.7799230439 -34.6451436626
-2.8173496414 -35.2055002902
-2.0248299033 -35.6304141206
-1.4671861348 -35.9098324016
0.0613931385 -36.5934122926
1.9327586421 -37.2663371244
5.2272835714 -38.0063990317
8.2154585378 -38.1640950114
8.6854993931 -38.1416602340
8.8331731255 -38.1318451472
10.1744306176 -37.9804062696
10.2193064381 -37.9733531085
14.1263497895 -36.8150125538
15.1379562492 -36.3187537353
16.3580206447 -35.5934131626
16.6070367083 -35.4268718347
17.2636107973 -34.9552457919
18.4171347929 -34.0022249646
18.5069558375 -33.9207748607
20.1757365759 -32.1862912981
23.4271943039 -27.0652379914
24.6059488449 -24.1647954328
24.8575079192 -23.4084014327
25.5970110313 -20.7081277589
25.8878502201 -19.3348907564
26.1133863203 -18.0486875997
26.1974648005 -17.4936542702
26.6494409538 -10.4185161742
26.6476969302 -10.2734767620
26.3870157454 -5.6982334763
26.1490570675 -3.6744046692
25.0566507190 2.1649457513

47.0215027816 47.3816046479 134.6067564683 99.6689430229
100
-17.8272940604 54.3800854813
-19.6768181730 54.0735336514
-29.9328512048 52.0714360985
-30.7787060731 51.8828306675
-40.9602124310 49.3154323331
-64.4682608785 40.9729316467
-65.1259304170 40.6815838040
-76.4905316981 35.0015490635
-78.8858403216 33.6247099317
-84.6154103492 30.0128215745
-84.7031445163 29.9535970298
-85.2893039004 29.5545724322
-88.7590968797 27.0645994218
-92.3568255297 24.2150514223
-94.7323278179 22.1504485432
-96.4236166678 20.5729738995
-100.1506939865 16.6946181762
-101.3713416124 15.2713563596
-102.8409296353 13.4260446773
-103.9324460315 11.9417316291
-110.1636355680 -0.8717789192
-110.2070785225 -1.0349882850
-110.4797124727 -2.1491511243
-110.9247301271 -4.5485651062
-108.4058614326 -21.2054971748
-107.6141802259 -22.7809995371
-106.1545305993 -25.2496689038
-105.9196854824 -25.6077970730
-105.7124718801 -25.9164170388
-104.3944301505 -27.7399693254
-100.0700769998 -32.5650471076
-93.7824954116 -37.7836798623
-83.8636838699 -43.7390523613
-81.9885221408 -44.6571609743
-73.0296005852 -48.3868656520
-72.2309574903 -48.6737425903
-70.8351953814 -49.1592938744
-69.4602911428 -49.6185969907
-67.4359366485 -50.2620546886
-61.2410918598 -52.0074425302
-54.8275900892 -53.4962897644
-49.1455582089 -54.5753770140
-33.5591665207 -56.5285203364
-32.4936124400 -56.6128536573
-31.3077740821 -56.6997384090
-16.1647852142 -57.1907037673
-14.9308817544 -57.1819229510
-10.4179360283 -57.0891585578
-1.7185094281 -56.6449608078
3.0563013717 -56.2539114343
12.6834225086 -55.1476085236
13.8486265290 -54.9846241040
18.4348939253 -54.2811768031
24.8476922542 -53.1290011960
27.9173295864 -52.5061488214
30.4630973547 -51.9536332676
32.8989359484 -51.3938266124
33.2384209022 -51.3133519119
41.7868364643 -49.0819593704
49.4040795581 -46.7406017871
69.1345346436 -38.8232995767
71.9026880837 -37.4517951979
77.8601756120 -34.2230430309
78.8747025515 -33.6312799644
86.8380732425 -28.4712250018
87.0988012704 -28.2845313896
100.6995675310 -16.0656997569
104.0722030118 -11.7434917444
104.5196369905 -11.0948826676
111.2212975130 7.9899415359
111.1306571320 11.1721358881
110.9020702111 13.0925963077
110.6606309846 14.4450688489
109.9420918114 17.2496596210
108.7572087142 20.4296643848
105.9817585299 25.5140230366
105.8121561086 25.7687850464
104.6760797765 27.3686058882
102.4102241872 30.1320344495
101.9736362695 30.6137469595
101.4050088464 31.2207808677
101.1986521898 31.4357160266
100.7314197355 31.9124382755
93.3996483769 38.0563698974
89.0025725882 40.9153134194
86.4484251327 42.3794342839
76.8203049988 46.9295589064
71.2597761647 49.0136843437
69.3166182462 49.6655347139
57.8175977229 52.8398147808
57.6156230313 52.8861817546
52.4001818544 53.9834701966
50.7281959010 54.2961280074
49.3782779263 54.5353175911
48.3688681357 54.7065997130
30.4798027503 56.7560882579
20.3526733690 57.1667314816
10.5343496170 57.0927411601
1.2483185098 56.6110762490
-1.0369518263 56.4320037639
