300

14
626 805 633 659 576 945 277 329 305 165 786 637 87 523

14
753 764 52 443 610 847 661 607 591 765 641 539 950 278

10
914 857 660 395 364 242 189 436 367 447

17
948 90 436 478 590 196 90 437 434 495 133 890 108 677 662 702 65

10
933 867 380 638 534 570 955 571 554 398

12
954 747 688 839 979 961 277 970 57 668 410 505

15
149 408 279 764 906 297 230 845 171 405 332 500 770 135 77

11
328 764 291 82 300 926 67 267 209 832 277

9
90 577 432 192 780 665 909 692 915

15
544 881 345 671 387 122 759 260 406 94 977 492 918 283 266

10
345 429 618 417 107 661 947 493 807 733

8
564 432 874 505 771 604 645 448

9
720 55 210 921 102 982 262 815 113

14
601 411 705 225 781 766 682 576 265 495 158 224 854 385

7
365 162 503 964 405 296 532

9
301 302 311 132 359 132 198 635 529

14
347 707 981 119 395 564 179 685 517 198 546 855 97 706

20
396 518 223 645 846 431 741 943 537 826 308 465 820 896 947 73 91 660 60 952

14
419 137 542 889 130 883 750 181 596 568 372 909 586 812

14
971 559 710 514 234 971 932 849 716 885 875 602 394 730

7
93 156 493 588 840 577 320

14
553 711 960 878 626 553 696 394 372 103 110 839 290 877

12
145 441 353 815 838 542 552 405 588 661 852 972

13
277 298 899 625 962 708 509 436 267 53 783 592 109

7
279 195 414 694 135 650 54

12
494 391 304 853 933 760 553 911 115 625 57 810

18
814 524 560 256 586 566 993 973 470 530 258 460 897 748 391 395 597 143

15
941 242 543 880 955 102 639 76 522 649 681 731 469 211 297

10
592 658 520 571 924 845 625 390 590 379

19
938 929 672 786 876 867 336 605 828 233 250 700 551 695 229 288 170 394 381

19
939 834 959 359 764 652 937 950 248 322 532 192 257 211 774 139 873 116 539

17
144 743 98 648 444 280 732 409 469 908 849 257 748 656 569 361 315

7
159 516 787 644 504 839 650

10
773 372 195 319 875 292 68 926 736 307

10
474 669 477 230 366 687 773 976 262 140

10
569 252 450 362 692 907 207 190 197 933

15
187 100 396 433 121 170 964 381 178 444 846 450 469 60 932

13
831 989 342 923 564 389 380 721 87 135 723 231 286

12
541 426 716 891 654 632 856 624 809 987 863 503

14
338 516 223 540 354 218 677 283 577 72 458 304 902 547

10
928 628 491 475 849 55 214 510 640 77

16
297 859 641 753 151 932 118 169 320 267 183 950 345 713 818 757

10
568 152 957 344 733 296 772 588 304 782

10
740 812 671 832 677 318 434 623 98 505

13
372 725 724 170 76 443 783 628 420 199 733 226 496

18
475 117 856 575 852 597 163 512 274 948 984 387 388 456 439 846 50 606

14
727 571 449 176 361 872 392 513 612 571 805 879 841 875

17
264 575 187 380 93 256 335 872 597 676 334 831 371 337 443 743 70

10
987 200 176 708 545 485 326 911 296 53

11
966 590 818 547 572 204 435 781 492 313 226

17
601 852 183 891 143 721 757 906 715 910 88 429 303 368 550 220 617

12
773 431 152 439 931 677 597 214 307 884 481 328

14
877 976 832 616 125 560 379 984 123 137 868 347 393 84

19
408 497 254 977 881 360 422 661 832 972 828 934 705 157 111 407 987 93 246

14
960 601 784 951 677 717 667 977 905 704 675 320 207 882

8
884 90 520 551 718 341 385 500

15
338 564 254 173 452 295 578 419 849 211 218 374 881 680 199

7
232 827 749 235 716 847 125

17
216 629 325 352 809 621 199 942 191 248 122 439 339 653 653 194 659

18
364 546 352 516 976 537 350 731 725 861 427 803 468 596 280 589 743 885

7
737 833 202 938 908 436 283

17
95 273 75 714 432 417 72 901 399 563 99 925 294 913 358 893 230

9
968 614 498 859 625 241 699 622 186

7
65 264 818 113 332 847 781

20
112 648 625 464 217 677 395 307 439 707 48 464 462 969 84 914 677 662 950 382

12
142 632 150 202 457 59 487 152 635 53 59 289

8
476 302 156 666 404 390 221 405

8
479 222 844 241 852 354 197 82

20
135 668 385 290 920 397 572 78 827 578 90 123 57 361 378 956 822 577 352 839

14
166 324 952 963 360 811 166 510 846 401 440 520 739 525

10
932 893 319 765 477 204 841 330 360 67

20
978 597 597 823 380 716 153 339 528 308 156 489 613 797 843 60 166 430 380 407

7
279 522 140 552 521 776 835

13
639 922 819 242 525 490 418 90 438 710 413 699 661

18
318 306 546 173 425 929 507 786 146 581 156 239 139 630 968 769 313 613

19
927 651 71 423 75 903 814 580 164 361 89 814 633 348 208 601 727 143 903

14
242 491 470 276 425 895 93 990 215 501 535 148 158 559

16
975 310 187 403 427 502 445 89 930 589 250 379 164 189 289 478

19
575 743 456 953 486 344 791 654 798 333 598 752 845 918 733 951 900 932 226

13
225 269 975 767 314 361 884 456 445 210 478 973 748

18
774 241 79 572 690 830 858 136 588 551 849 170 508 756 897 530 801 128

19
625 691 861 939 581 166 390 587 597 211 183 332 938 219 364 358 863 989 222

9
584 569 808 549 83 412 452 408 61

10
955 639 72 823 584 449 942 769 831 545

7
967 672 562 193 989 873 62

10
102 809 416 466 465 760 502 830 60 706

14
389 667 332 256 338 712 658 128 329 495 468 111 311 146

18
457 141 347 314 921 244 918 185 663 390 899 961 68 912 673 708 149 346

8
359 480 712 812 561 836 156 983

9
420 135 374 830 72 675 939 788 872

14
926 542 101 831 509 123 592 188 626 694 329 468 848 604

17
667 172 818 618 950 566 991 91 894 669 905 575 614 699 295 325 632

15
380 311 147 298 856 130 719 399 255 194 95 812 964 557 779

14
181 735 361 178 622 103 800 533 473 262 239 721 383 666

20
558 930 302 651 635 228 376 829 436 365 877 96 178 441 829 919 417 412 128 549

19
973 197 527 452 255 561 969 433 233 335 944 958 432 601 441 613 772 276 844

12
949 894 117 238 571 831 608 936 913 952 930 892

19
305 193 206 819 168 592 847 298 384 811 683 780 259 145 558 330 942 497 285

18
409 476 419 247 91 362 955 838 140 695 789 398 841 790 223 962 230 76

18
567 682 745 353 736 685 707 73 633 210 311 482 415 583 696 615 469 64

16
313 946 277 109 350 914 694 526 724 878 397 786 451 875 379 600

12
70 313 485 656 318 592 144 686 181 636 149 603

9
678 711 448 751 773 751 671 474 126

8
200 476 982 446 357 367 52 770

20
160 261 53 274 806 939 913 940 581 858 391 83 384 109 484 141 677 83 607 946

16
804 152 434 792 552 586 166 399 362 351 513 419 357 740 231 145

8
967 679 365 206 557 703 268 836

17
741 873 95 693 830 852 641 112 492 199 652 611 551 809 916 859 234

10
447 419 219 902 234 694 115 393 257 613

17
889 101 204 610 149 850 288 954 497 354 452 491 959 859 838 774 623

8
962 697 157 229 712 854 416 254

16
762 464 384 225 201 438 382 764 382 81 59 184 373 208 431 818

19
296 504 742 714 213 710 260 165 892 925 814 156 185 585 872 444 764 103 441

8
281 53 385 315 854 522 483 68

8
307 194 51 606 890 718 615 448

20
733 189 546 396 298 684 776 176 924 546 75 213 391 309 219 729 419 80 99 855

10
800 169 91 646 570 934 213 191 230 939

17
372 492 122 624 971 851 595 743 245 623 909 589 885 135 166 310 168

14
172 64 813 136 108 308 659 837 474 646 74 419 372 399

10
447 818 684 304 420 433 344 49 191 886

14
279 58 835 242 71 802 259 679 891 321 940 399 164 262

12
980 477 376 386 189 618 210 668 875 583 897 225

15
94 906 164 168 759 952 363 625 761 417 310 500 533 99 694

17
156 540 479 586 869 818 571 493 824 87 216 255 779 236 636 668 937

19
789 702 396 947 333 952 371 439 458 699 491 948 198 442 494 473 982 212 139

11
658 916 441 670 178 227 701 609 848 645 211

9
195 560 439 482 518 605 874 771 153

20
725 146 608 226 572 438 391 665 792 844 429 82 362 560 262 859 965 905 352 182

18
500 537 632 777 61 85 657 627 191 665 359 133 280 380 658 671 566 329

18
258 712 347 416 120 404 281 91 157 586 68 350 881 558 777 665 572 815

17
48 802 947 360 888 75 535 394 541 107 677 806 318 237 159 687 152

10
763 986 469 355 60 772 243 572 555 703

17
218 984 940 815 779 148 551 649 636 899 197 538 424 798 810 456 911

9
561 275 115 553 539 265 409 317 303

19
667 959 721 839 792 510 660 419 453 218 75 96 912 67 587 342 818 245 751

14
544 160 648 454 667 193 514 82 464 613 811 137 578 380

14
218 685 280 433 145 293 303 983 211 323 576 506 936 617

19
520 956 218 174 416 680 162 725 557 579 344 374 512 718 550 131 731 83 364

9
181 610 426 170 616 544 542 917 487

9
975 960 127 200 929 338 675 97 69

7
472 209 408 779 880 911 863

14
948 76 741 924 481 962 101 104 513 438 974 953 556 956

8
636 951 538 769 632 430 791 824

13
953 81 482 681 787 194 305 583 65 841 514 499 809

17
556 170 801 537 129 363 341 685 794 298 229 569 725 613 208 398 316

8
432 594 644 225 741 744 762 759

7
124 264 249 487 616 372 294

14
297 452 453 935 94 546 171 458 277 737 619 470 848 582

16
448 233 876 195 930 486 749 370 563 809 414 56 431 739 145 385

16
392 791 773 439 185 739 850 415 324 317 681 178 853 542 580 881

16
570 659 705 326 824 116 930 244 914 209 779 854 547 616 252 186

9
486 324 929 184 534 259 455 221 391

15
559 924 832 778 500 339 332 621 170 243 557 367 164 719 941

13
114 564 72 253 754 511 530 690 491 860 744 741 87

8
850 599 860 530 226 367 822 353

9
945 391 189 161 508 861 108 328 771

11
353 977 228 659 356 713 156 222 463 850 262

10
548 657 266 84 678 586 860 826 218 811

18
360 767 685 69 829 808 793 302 167 777 483 621 139 202 573 314 461 271

10
814 773 981 86 652 507 468 360 339 639

15
516 952 740 49 974 575 810 774 831 772 399 162 241 491 160

15
600 574 834 924 394 613 754 275 113 109 696 427 402 183 400

13
141 935 557 911 517 373 533 196 940 885 311 187 224

13
750 619 793 590 391 982 51 940 106 906 56 755 339

19
892 534 919 828 476 324 745 788 492 126 937 438 964 96 420 983 316 965 608

11
561 953 893 407 899 952 320 750 555 612 956

20
942 723 130 424 53 670 218 498 750 950 731 562 52 158 552 321 129 955 232 486

16
920 846 504 720 172 260 123 580 65 372 370 741 297 747 590 920

16
94 518 716 779 87 563 732 434 838 814 237 865 148 789 633 790

8
201 757 354 277 343 372 602 508

17
852 261 663 621 816 552 934 380 179 816 897 864 256 583 527 289 296

11
84 882 424 336 89 188 643 319 326 811 717

20
726 417 844 237 833 509 742 774 842 875 596 745 745 648 176 120 732 425 702 769

12
921 900 197 904 391 312 237 208 982 820 887 247

19
130 87 974 668 656 823 391 258 416 142 701 546 58 439 766 713 214 86 482

19
78 393 307 343 583 310 173 251 993 216 874 129 256 697 592 707 526 936 760

14
874 468 131 885 860 851 446 870 732 881 627 763 280 887

11
658 993 81 862 992 250 585 916 301 288 515

15
609 457 570 352 179 991 437 70 699 294 469 417 979 357 51

16
432 891 498 97 732 533 754 730 578 345 653 833 586 174 642 201

9
218 349 401 57 739 424 710 828 689

20
655 841 926 251 279 666 545 171 404 873 879 141 457 230 747 138 612 716 576 766

10
589 910 344 600 655 564 158 489 259 86

8
106 966 197 338 638 695 463 48

12
190 931 984 373 526 918 938 248 500 553 981 95

11
331 490 920 690 443 415 902 483 361 961 297

14
148 730 212 406 573 581 549 511 571 717 990 337 504 87

15
852 74 681 327 200 966 95 844 416 464 594 852 620 404 944

19
347 680 933 706 101 520 103 565 886 615 404 230 125 286 815 930 313 344 106

14
317 154 947 686 413 390 386 828 747 336 760 100 811 699

8
865 225 499 279 907 120 478 143

19
717 753 766 825 104 825 928 374 775 882 66 983 278 405 818 820 536 584 873

10
132 480 855 152 774 929 65 847 413 161

17
925 710 456 756 767 129 691 147 857 421 955 689 652 208 513 478 697

9
199 687 819 474 548 925 254 484 943

14
692 900 586 624 616 48 386 231 919 872 331 783 299 292

10
746 453 628 72 945 368 224 638 194 493

20
914 700 313 705 603 959 453 984 589 864 827 770 101 752 491 385 383 743 472 656

13
720 290 363 513 454 383 946 601 829 934 521 536 95

17
934 60 481 766 444 351 599 221 406 357 665 586 536 256 854 198 547

17
284 706 889 691 95 841 140 877 623 456 261 672 483 990 527 759 762

8
117 209 941 318 362 454 857 851

19
559 844 59 935 923 560 830 462 608 519 397 333 938 806 390 458 138 228 938

8
944 869 762 948 658 86 316 118

14
962 577 304 655 589 245 584 155 870 53 558 396 403 686

20
58 82 593 938 264 537 636 56 255 405 957 866 286 122 780 978 879 363 131 540

16
329 131 697 206 926 261 397 177 900 532 977 778 131 921 48 463

9
846 513 764 651 228 56 726 961 830

14
330 914 947 83 91 84 575 250 805 789 442 936 537 769

19
321 853 689 164 165 259 963 631 818 621 812 669 195 779 505 602 904 425 556

8
470 435 363 515 247 947 753 978

12
528 903 607 230 440 725 348 494 694 774 318 163

13
941 312 220 452 867 920 673 429 708 149 818 867 459

14
820 218 844 317 700 595 720 883 989 451 79 489 940 806

13
110 247 550 217 421 955 90 189 476 315 850 420 928

13
833 794 392 846 486 504 394 87 230 283 871 634 157

17
581 759 923 486 959 321 656 228 124 541 370 554 809 69 927 743 745

16
385 932 461 824 443 808 707 626 887 426 267 839 746 643 604 517

18
570 791 428 751 711 922 917 271 738 939 204 329 532 608 510 471 75 182

9
678 842 499 571 275 561 417 816 210

9
182 929 392 768 363 150 485 292 862

14
825 807 551 160 345 165 465 769 193 601 484 824 291 937

13
361 504 456 973 510 278 161 287 624 724 604 569 58

16
437 562 522 250 119 477 390 237 896 955 225 503 445 56 589 230

19
904 530 504 883 835 735 839 128 207 569 527 729 422 224 961 938 699 59 852

18
403 96 874 206 116 225 446 914 767 630 962 519 166 314 408 954 845 253

15
58 618 411 583 993 588 550 937 136 563 638 114 919 529 783

12
598 803 372 519 418 955 487 891 916 597 305 718

10
354 602 301 925 808 837 924 402 394 710

15
910 354 400 677 836 978 603 440 787 770 754 54 732 90 898

16
640 51 63 94 200 460 348 131 274 192 851 471 381 409 758 297

19
953 769 400 938 220 635 573 943 396 422 523 439 168 973 874 173 989 921 326

19
117 253 524 104 110 948 438 314 554 530 983 514 147 231 300 320 661 668 270

13
97 588 297 218 567 177 186 404 893 308 654 806 356

19
863 261 928 150 528 330 475 517 797 576 543 103 691 210 567 914 69 617 351

20
630 713 134 770 124 980 873 573 792 235 395 504 449 329 449 930 612 877 295 258

13
791 156 946 954 676 708 818 141 65 933 725 732 73

14
651 848 222 230 489 252 578 946 654 702 243 590 163 126

10
216 381 477 325 333 279 797 47 104 891

8
832 464 751 700 602 250 554 619

7
838 824 807 632 484 357 828

7
315 908 555 484 137 985 605

15
271 250 265 170 936 126 955 407 672 503 804 875 63 430 157

11
260 759 335 540 122 170 415 233 84 924 512

11
757 912 392 981 168 452 946 111 532 749 313

12
258 912 881 117 348 991 767 404 756 108 897 673

13
160 701 110 90 220 79 801 927 266 630 102 672 583

10
52 338 116 57 392 981 891 462 178 730

7
535 492 296 280 961 481 393

13
386 437 683 419 86 617 638 511 514 158 100 475 163

7
386 174 579 215 860 836 346

10
77 676 884 168 909 693 444 309 368 784

18
846 209 580 469 642 97 936 754 940 259 712 969 598 681 396 609 390 238

7
940 110 591 672 231 506 372

16
610 535 261 157 387 423 690 810 860 583 594 462 529 649 970 346

16
657 695 657 842 886 572 630 791 958 309 975 312 476 452 876 964

9
986 199 884 525 962 593 114 405 61

15
60 826 737 108 332 280 561 180 961 139 764 758 892 868 581

13
350 829 92 320 343 874 472 234 247 283 622 314 483

12
547 338 311 132 241 596 207 755 729 174 689 499

18
587 373 314 751 518 149 638 633 446 360 901 475 560 979 103 669 468 534

20
601 798 149 795 242 309 557 925 278 252 272 958 635 599 279 392 912 223 825 552

12
192 459 734 547 444 632 223 707 962 240 314 608

8
115 804 447 467 735 679 515 960

11
156 407 717 343 326 736 963 673 48 950 138

11
504 377 374 522 90 184 715 199 746 853 109

8
149 530 139 623 840 894 114 949

13
627 298 429 369 267 897 370 224 988 901 523 213 124

8
256 261 719 250 802 421 312 364

19
795 298 941 641 988 850 438 144 483 531 368 647 594 271 813 771 107 720 142

11
797 146 324 854 660 527 662 87 792 822 247

20
126 983 872 120 840 317 59 171 801 380 772 401 604 591 967 664 159 115 890 752

17
220 612 670 700 280 552 341 897 753 730 819 742 608 892 588 878 747

20
528 133 333 724 691 719 698 361 831 608 100 431 618 273 49 294 769 125 799 116

9
400 799 800 149 255 541 532 929 294

20
463 380 379 193 866 893 686 76 731 301 129 168 872 197 960 961 761 91 608 830

11
962 477 668 906 686 215 444 621 304 491 879

8
665 78 352 565 718 381 144 814

7
107 534 455 73 343 223 906

17
848 774 714 332 448 626 813 458 866 282 557 363 956 989 823 829 347

20
553 681 491 215 939 552 702 243 578 51 419 491 751 273 113 471 400 514 893 61

7
765 138 330 923 100 325 752

16
468 942 284 944 439 295 732 786 792 928 371 797 195 657 396 263

7
662 459 85 561 473 805 174

19
930 892 302 261 651 980 524 599 113 475 833 361 213 626 159 147 792 751 295

20
153 353 973 769 765 853 178 245 506 148 447 442 993 702 498 492 689 976 886 597

9
726 911 465 200 76 407 945 781 497

15
729 803 69 346 575 717 478 615 229 421 68 624 420 565 917

12
102 899 600 652 204 174 569 622 327 441 824 120

12
327 321 752 137 185 105 665 855 378 286 90 752

12
509 967 667 433 681 723 180 130 223 180 257 746

13
380 193 428 453 216 708 570 763 798 550 821 311 412

10
392 297 752 494 602 568 168 988 97 686

7
180 862 149 233 456 700 566

20
134 814 455 795 390 225 442 894 841 706 154 842 105 246 442 394 801 805 357 795

20
49 607 989 707 709 228 169 257 589 567 344 410 817 935 595 48 225 337 685 884

14
375 784 486 770 974 293 424 337 884 286 340 497 123 842

8
305 964 265 689 379 404 894 992

20
496 993 523 628 526 256 868 854 835 360 473 815 606 850 159 496 142 294 788 60

19
796 318 901 67 803 129 266 703 127 565 47 915 883 629 290 934 503 150 618
